accuracy =

    0.6911


accuracy =

    0.5538


accuracy =

    0.5653